36.7
36.3
36.7
36.7
36.7
36.7
36.7
36.7
36.7
37.1
36.7
36.7
36.7
36.7
36.7
37.1
36.7
36.7
36.7
36.7
37.1
36.7
37.1
36.7
36.7
36.7
37.1
36.3
36.7
36.7
36.7
36.7
36.7
36.7
37.1
36.7
36.7
36.7
36.7
36.7
37.1
36.7
36.7
36.7
36.7
36.7
36.7
37.1
36.7
36.7
36.7
36.7
37.1
37.1
36.7
36.7
36.7
36.7
36.7
36.7
36.7
36.7
36.7
36.7
36.7
36.7
36.7
37.1
36.7
36.7
37.1
36.7
36.7
36.7
36.7
36.7
37.1
37.1
36.7
36.7
36.7
37.1
36.7
36.7
37.1
37.1
36.7
37.1
36.7
36.7
37.1
37.1
36.7
36.7
37.1
37.1
36.7
36.7
37.1
37.1
37.1
36.7
36.7
36.7
36.7
36.7
36.7
36.7
36.7
36.7
36.7
36.7
36.7
36.7
36.7
36.7
36.7
36.7
36.7
37.1
36.7
36.7
37.1
37.1
37.1
36.7
37.1
37.1
37.1
36.7
37.1
37.1
37.1
36.7
37.1
36.7
37.1
37.1
37.1
37.1
37.1
36.7
37.1
37.1
37.1
37.1
37.1
36.7
37.1
37.1
37.1
37.1
37.1
37.1
37.1
37.1
37.1
37.1
37.1
37.1
37.1
37.1
37.1
36.7
37.1
37.1
37.1
