35.1
35.1
34.7
34.7
34.7
34.7
34.2
34.7
34.7
34.7
34.7
34.7
34.7
34.2
34.7
35.1
34.7
35.1
34.7
35.1
34.7
34.7
35.1
34.7
35.1
35.1
34.7
34.7
35.1
35.1
35.5
35.1
35.1
35.1
35.1
35.1
34.7
34.7
34.7
35.1
35.1
35.1
35.1
35.1
34.7
35.1
35.1
35.1
35.1
35.1
35.1
35.1
35.1
35.1
35.5
35.1
35.1
35.1
35.1
35.1
35.1
35.1
35.1
35.1
35.1
35.5
35.1
35.1
35.1
35.1
35.5
35.1
35.1
35.1
35.1
35.5
35.1
35.1
35.1
35.1
35.1
35.5
35.1
35.5
35.1
35.1
35.1
35.5
35.1
35.1
35.1
35.1
35.1
35.1
35.5
35.1
35.1
35.1
35.1
35.5
35.1
35.5
35.1
35.1
35.1
35.5
35.5
35.1
35.1
35.5
35.5
35.5
35.1
35.1
35.1
35.1
35.1
35.1
35.5
33.8
34.2
34.2
34.2
34.7
34.2
34.2
34.7
34.2
34.2
34.2
34.2
35.1
34.2
34.2
34.7
34.7
34.7
34.7
34.7
34.2
35.1
34.7
34.2
34.7
34.7
34.7
34.7
34.7
34.7
34.7
34.7
34.7
34.7
35.1
34.7
34.7
