33.0
33.4
33.0
33.0
33.0
33.0
33.0
33.4
33.0
33.4
33.0
33.0
33.0
33.0
33.0
33.4
33.0
33.4
33.0
33.0
33.4
33.4
33.0
33.4
33.0
33.0
33.0
33.0
33.0
33.4
33.0
33.0
33.0
33.0
33.0
33.4
33.4
33.4
33.0
33.4
33.0
33.0
33.0
33.4
33.4
33.0
32.6
33.4
33.0
33.0
33.0
33.4
33.0
33.0
33.4
33.0
33.4
33.0
33.4
33.0
33.0
33.0
33.4
33.0
33.0
33.4
33.4
33.0
33.4
33.0
33.4
33.0
33.0
33.0
33.0
33.0
33.0
33.4
33.0
33.0
33.0
33.4
33.0
33.4
33.4
33.0
33.4
33.4
33.0
33.0
33.0
33.4
33.0
33.0
33.0
33.4
33.0
33.0
33.0
33.0
33.4
33.0
33.4
33.4
33.0
33.0
33.0
33.4
33.4
33.0
33.0
33.0
33.0
33.0
33.0
33.0
33.4
33.4
33.4
33.0
33.0
33.0
33.0
33.0
33.0
33.0
33.4
33.0
33.0
33.0
33.0
33.0
33.4
33.0
33.0
33.0
33.0
33.4
33.0
33.4
33.0
33.4
33.4
33.0
33.4
33.4
33.0
33.0
33.0
33.4
33.0
33.4
33.0
33.0
33.4
33.4
33.0
33.0
